Num       RefCount Protocol Flags    Type St Inode Path
00000000: 00000002 00000000 00010000 0001 01   773 /dev/socket/vold
00000000: 00000002 00000000 00010000 0001 01 1621374 @ctrip.android.view.localsocket
00000000: 00000002 00000000 00010000 0001 01 362040 /data/system/ndebugsocket
00000000: 00000002 00000000 00010000 0001 01 371860 @yyb_watchd
00000000: 00000002 00000000 00010000 0001 01  3091 /dev/socket/property_service
00000000: 00000002 00000000 00000000 0002 01 362265 /data/misc/wifi/sockets/wpa_ctrl_6429-1
00000000: 00000002 00000000 00000000 0002 01 362266 /data/misc/wifi/sockets/wpa_ctrl_6429-2
00000000: 00000002 00000000 00000000 0002 01 363696 /data/misc/wifi/sockets/wlan0
00000000: 00000002 00000000 00000000 0002 01 363713 /data/misc/wifi/sockets/p2p0
00000000: 00000002 00000000 00010000 0001 01 21528 @com.kingroot.md5
00000000: 00000002 00000000 00010000 0001 01 286947 @jdwp-control
00000000: 00000002 00000000 00010000 0001 01 623277 @com.kingroot.kworker.666
00000000: 00000004 00000000 00000000 0002 01 364596 /dev/socket/wpa_wlan0
00000000: 00000002 00000000 00010000 0001 01  2101 /dev/socket/rild-debug
00000000: 00000002 00000000 00010000 0001 01  2104 /dev/socket/rild
00000000: 00000002 00000000 00010000 0001 01  1251 @com.kingroot.kinguser.su.354
00000000: 00000002 00000000 00000000 0005 01 361036 /dev/socket/gps
00000000: 00000002 00000000 00010000 0001 01 363090 /dev/socket/mdns
00000000: 00000002 00000000 00010000 0001 01 363093 /dev/socket/dnsproxyd
00000000: 00000002 00000000 00010000 0001 01 363095 /dev/socket/netd
00000000: 00000002 00000000 00010000 0001 01 623379 @king.watch.1494236183252
00000000: 00000002 00000000 00010000 0001 01 363608 @com.kingroot.kinguser.ku_server
00000000: 00000002 00000000 00010000 0001 01   797 @android:debuggerd
00000000: 00000002 00000000 00010000 0001 01 368057 @com.ss.android.article.news/socketFile
00000000: 00000002 00000000 00010000 0001 01   866 @Multiclient
00000000: 00000002 00000000 00010000 0001 01  1219 /dev/socket/installd
00000000: 00000002 00000000 00010000 0001 01  2198 @com.kingroot.kinguser.policy.monitor.354
00000000: 00000002 00000000 00010000 0001 01 361932 /dev/socket/zygote
00000000: 00000002 00000000 00010000 0001 01 286940 /dev/socket/adbd
00000000: 00000002 00000000 00010000 0001 01  3862 @com.kingroot.kinguser.
00000000: 00000003 00000000 00000000 0001 03 1619941
00000000: 00000003 00000000 00000000 0001 03 1619940
00000000: 00000003 00000000 00000000 0005 03 1622271
00000000: 00000003 00000000 00000000 0005 03 1622270
00000000: 00000003 00000000 00000000 0005 03 1622269
00000000: 00000003 00000000 00000000 0005 03 1622268
00000000: 00000003 00000000 00000000 0005 03 1619897
00000000: 00000003 00000000 00000000 0005 03 1619896
00000000: 00000003 00000000 00000000 0005 03 1620633
00000000: 00000003 00000000 00000000 0005 03 1620632
00000000: 00000003 00000000 00000000 0005 03 1622267
00000000: 00000003 00000000 00000000 0005 03 1622266
00000000: 00000003 00000000 00000000 0001 03 1622258 @jdwp-control
00000000: 00000003 00000000 00000000 0001 03 1619872
00000000: 00000003 00000000 00000000 0001 03 1622250 @jdwp-control
00000000: 00000003 00000000 00000000 0001 03 1621583
00000000: 00000003 00000000 00000000 0001 03 1622226 @jdwp-control
00000000: 00000003 00000000 00000000 0001 03 1622224
00000000: 00000003 00000000 00000000 0001 03 1619569 @jdwp-control
00000000: 00000003 00000000 00000000 0001 03 1620500
00000000: 00000003 00000000 00000000 0001 03 1621500
00000000: 00000003 00000000 00000000 0001 03 1621499
00000000: 00000003 00000000 00000000 0001 03 1619560
00000000: 00000003 00000000 00000000 0001 03 1619559
00000000: 00000003 00000000 00000000 0001 03 1618783 @jdwp-control
00000000: 00000003 00000000 00000000 0001 03 1618781
00000000: 00000003 00000000 00000000 0001 03 1619328 @jdwp-control
00000000: 00000003 00000000 00000000 0001 03 1618773
00000000: 00000003 00000000 00000000 0001 03 1619197 @jdwp-control
00000000: 00000003 00000000 00000000 0001 03 1619195
00000000: 00000002 00000000 00000000 0001 03 1617166
00000000: 00000002 00000000 00000000 0001 03 1585731
00000000: 00000002 00000000 00000000 0001 03 1585298
00000000: 00000003 00000000 00000000 0001 03 1575981 @jdwp-control
00000000: 00000003 00000000 00000000 0001 03 1575909
00000000: 00000003 00000000 00000000 0005 03 1569446
00000000: 00000003 00000000 00000000 0005 03 1569445
00000000: 00000003 00000000 00000000 0001 03 1572108 @jdwp-control
00000000: 00000003 00000000 00000000 0001 03 1569443
00000000: 00000003 00000000 00000000 0001 03 1572048 @jdwp-control
00000000: 00000003 00000000 00000000 0001 03 1572046
00000000: 00000003 00000000 00000000 0001 03 1571083 @jdwp-control
00000000: 00000003 00000000 00000000 0001 03 1570213
00000000: 00000003 00000000 00000000 0001 03 1571081
00000000: 00000003 00000000 00000000 0001 03 1571080
00000000: 00000002 00000000 00000000 0001 03 1562465
00000000: 00000003 00000000 00000000 0001 03 1554971
00000000: 00000003 00000000 00000000 0001 03 1554970
00000000: 00000003 00000000 00000000 0001 03 1554969
00000000: 00000003 00000000 00000000 0001 03 1554968
00000000: 00000003 00000000 00000000 0001 03 1549707 @jdwp-control
00000000: 00000003 00000000 00000000 0001 03 1549705
00000000: 00000003 00000000 00000000 0001 03 1547735 @jdwp-control
00000000: 00000003 00000000 00000000 0001 03 1549408
00000000: 00000002 00000000 00000000 0001 03 1544735
00000000: 00000003 00000000 00000000 0005 03 1517836
00000000: 00000003 00000000 00000000 0005 03 1517835
00000000: 00000003 00000000 00000000 0005 03 1516822
00000000: 00000003 00000000 00000000 0005 03 1516821
00000000: 00000003 00000000 00000000 0005 03 1497131
00000000: 00000003 00000000 00000000 0005 03 1497130
00000000: 00000003 00000000 00000000 0005 03 1491009
00000000: 00000003 00000000 00000000 0005 03 1491008
00000000: 00000003 00000000 00000000 0005 03 1491007
00000000: 00000003 00000000 00000000 0005 03 1491006
00000000: 00000003 00000000 00000000 0001 03 1460615 @jdwp-control
00000000: 00000003 00000000 00000000 0001 03 1460613
00000000: 00000003 00000000 00000000 0001 03 1435880 @jdwp-control
00000000: 00000003 00000000 00000000 0001 03 1435878
00000000: 00000003 00000000 00000000 0001 03 1434438 @jdwp-control
00000000: 00000003 00000000 00000000 0001 03 1434436
00000000: 00000002 00000000 00000000 0001 03 886535
00000000: 00000003 00000000 00000000 0001 03 623395 @king.watch.1494236183252
00000000: 00000003 00000000 00000000 0001 03 623394
00000000: 00000003 00000000 00000000 0001 03 499677 @jdwp-control
00000000: 00000003 00000000 00000000 0001 03 499675
00000000: 00000002 00000000 00000000 0001 03 482844
00000000: 00000003 00000000 00000000 0001 03 390046 @jdwp-control
00000000: 00000003 00000000 00000000 0001 03 392411
00000000: 00000003 00000000 00000000 0001 03 385468 @jdwp-control
00000000: 00000003 00000000 00000000 0001 03 385466
00000000: 00000003 00000000 00000000 0001 03 382824 @jdwp-control
00000000: 00000003 00000000 00000000 0001 03 382822
00000000: 00000003 00000000 00000000 0001 03 385128 @jdwp-control
00000000: 00000003 00000000 00000000 0001 03 383900
00000000: 00000003 00000000 00000000 0001 03 382573 @jdwp-control
00000000: 00000003 00000000 00000000 0001 03 382571
00000000: 00000002 00000000 00000000 0001 03 379582
00000000: 00000003 00000000 00000000 0001 03 378362 @jdwp-control
00000000: 00000003 00000000 00000000 0001 03 378360
00000000: 00000003 00000000 00000000 0001 03 375492 @jdwp-control
00000000: 00000003 00000000 00000000 0001 03 375490
00000000: 00000003 00000000 00000000 0001 03 373962 @jdwp-control
00000000: 00000003 00000000 00000000 0001 03 373960
00000000: 00000003 00000000 00000000 0005 03 368950
00000000: 00000003 00000000 00000000 0005 03 368949
00000000: 00000003 00000000 00000000 0001 03 369727 /dev/socket/adbd
00000000: 00000003 00000000 00000000 0001 03 367954
00000000: 00000003 00000000 00000000 0001 03 366885 @jdwp-control
00000000: 00000003 00000000 00000000 0001 03 366883
00000000: 00000003 00000000 00000000 0001 03 366324 @jdwp-control
00000000: 00000003 00000000 00000000 0001 03 367686
00000000: 00000003 00000000 00000000 0005 03 366713
00000000: 00000003 00000000 00000000 0005 03 366712
00000000: 00000002 00000000 00000000 0001 01 363996
00000000: 00000003 00000000 00000000 0001 03 362484 @jdwp-control
00000000: 00000003 00000000 00000000 0001 03 362482
00000000: 00000003 00000000 00000000 0001 03 363908
00000000: 00000003 00000000 00000000 0001 03 363907
00000000: 00000003 00000000 00000000 0001 03 363906
00000000: 00000003 00000000 00000000 0001 03 363905
00000000: 00000003 00000000 00000000 0005 03 363793
00000000: 00000003 00000000 00000000 0005 03 363792
00000000: 00000003 00000000 00000000 0001 03 365685 @jdwp-control
00000000: 00000003 00000000 00000000 0001 03 365683
00000000: 00000003 00000000 00000000 0001 03 362302 @jdwp-control
00000000: 00000003 00000000 00000000 0001 03 365633
00000000: 00000003 00000000 00000000 0001 03 362289 @jdwp-control
00000000: 00000003 00000000 00000000 0001 03 364678
00000000: 00000003 00000000 00000000 0001 03 362288
00000000: 00000003 00000000 00000000 0001 03 362287
00000000: 00000003 00000000 00000000 0005 03 365594
00000000: 00000003 00000000 00000000 0005 03 365593
00000000: 00000003 00000000 00000000 0005 03 361452
00000000: 00000003 00000000 00000000 0005 03 361451
00000000: 00000003 00000000 00000000 0001 03 361397 @com.kingroot.kinguser.
00000000: 00000003 00000000 00000000 0001 03 361398
00000000: 00000002 00000000 00000000 0001 03 361391
00000000: 00000003 00000000 00000000 0005 03 361314
00000000: 00000003 00000000 00000000 0005 03 361313
00000000: 00000003 00000000 00000000 0001 03 362144 @jdwp-control
00000000: 00000003 00000000 00000000 0001 03 362142
00000000: 00000003 00000000 00000000 0001 03 361277 /dev/socket/rild
00000000: 00000003 00000000 00000000 0001 03 362105
00000000: 00000003 00000000 00000000 0001 03 361276 @jdwp-control
00000000: 00000003 00000000 00000000 0001 03 361274
00000000: 00000003 00000000 00000000 0001 03 361261 @jdwp-control
00000000: 00000003 00000000 00000000 0001 03 361259
00000000: 00000003 00000000 00000000 0001 03 362090 @jdwp-control
00000000: 00000003 00000000 00000000 0001 03 360389
00000000: 00000003 00000000 00000000 0001 03 362089 @jdwp-control
00000000: 00000003 00000000 00000000 0001 03 362086
00000000: 00000003 00000000 00000000 0001 03 363362 @jdwp-control
00000000: 00000003 00000000 00000000 0001 03 361240
00000000: 00000003 00000000 00000000 0001 03 363361 @jdwp-control
00000000: 00000003 00000000 00000000 0001 03 360385
00000000: 00000003 00000000 00000000 0001 03 363358 @jdwp-control
00000000: 00000003 00000000 00000000 0001 03 362079
00000000: 00000003 00000000 00000000 0005 03 361228
00000000: 00000003 00000000 00000000 0005 03 361227
00000000: 00000003 00000000 00000000 0001 03 363351 @jdwp-control
00000000: 00000003 00000000 00000000 0001 03 363349
00000000: 00000003 00000000 00000000 0005 03 361212
00000000: 00000003 00000000 00000000 0005 03 361211
00000000: 00000003 00000000 00000000 0005 03 361180
00000000: 00000003 00000000 00000000 0005 03 361179
00000000: 00000003 00000000 00000000 0001 03 362038 @jdwp-control
00000000: 00000003 00000000 00000000 0001 03 363331
00000000: 00000003 00000000 00000000 0001 03 363329 /dev/socket/zygote
00000000: 00000003 00000000 00000000 0001 03 360320
00000000: 00000003 00000000 00000000 0005 03 360319
00000000: 00000003 00000000 00000000 0005 03 360318
00000000: 00000003 00000000 00000000 0005 03 360317
00000000: 00000003 00000000 00000000 0005 03 360316
00000000: 00000003 00000000 00000000 0001 03 362037 /dev/socket/mdns
00000000: 00000003 00000000 00000000 0001 03 361167
00000000: 00000003 00000000 00000000 0001 03 362033 /dev/socket/netd
00000000: 00000003 00000000 00000000 0001 03 361166
00000000: 00000003 00000000 00000000 0001 03 363326 /dev/socket/vold
00000000: 00000003 00000000 00000000 0001 03 363325
00000000: 00000003 00000000 00000000 0005 03 360279
00000000: 00000003 00000000 00000000 0005 03 360278
00000000: 00000003 00000000 00000000 0005 03 360277
00000000: 00000003 00000000 00000000 0005 03 360276
00000000: 00000003 00000000 00000000 0005 03 360208
00000000: 00000003 00000000 00000000 0005 03 360207
00000000: 00000003 00000000 00000000 0001 03 361920 /dev/socket/installd
00000000: 00000003 00000000 00000000 0001 03 361997
00000000: 00000003 00000000 00000000 0001 03 361993 @jdwp-control
00000000: 00000003 00000000 00000000 0001 03 361991
00000000: 00000003 00000000 00000000 0001 03 363245
00000000: 00000003 00000000 00000000 0001 03 363244
00000000: 00000003 00000000 00000000 0001 03 363100 @Multiclient
00000000: 00000003 00000000 00000000 0001 03 363098
00000000: 00000002 00000000 00000000 0001 03 361654
00000000: 00000002 00000000 00000000 0001 03 318813
00000000: 00000002 00000000 00000000 0001 03 302462
00000000: 00000002 00000000 00000000 0001 03 292194 /dev/socket/adbd
00000000: 00000003 00000000 00000000 0001 03 286949
00000000: 00000003 00000000 00000000 0001 03 286948
00000000: 00000003 00000000 00000000 0001 03 286946
00000000: 00000003 00000000 00000000 0001 03 286945
00000000: 00000002 00000000 00000000 0001 03 278394
00000000: 00000002 00000000 00000000 0001 03 266726
00000000: 00000002 00000000 00000000 0001 03 231728
00000000: 00000002 00000000 00000000 0001 03 207541
00000000: 00000002 00000000 00000000 0001 03 203776
00000000: 00000002 00000000 00000000 0001 03 196816
00000000: 00000002 00000000 00000000 0001 03 169814
00000000: 00000002 00000000 00000000 0001 03 156948
00000000: 00000002 00000000 00000000 0001 03 19602 /data/data/com.kingroot.kinguser/cache/.socketNt2048
00000000: 00000002 00000000 00000000 0001 03  6901
00000000: 00000003 00000000 00000000 0005 03  1265
00000000: 00000003 00000000 00000000 0005 03  1264
00000000: 00000003 00000000 00000000 0001 03  3094
00000000: 00000003 00000000 00000000 0001 03  3093
